8 2
1.176470000000000016e-01 5.949999999999999734e-01 0.000000000000000000e+00 0.000000000000000000e+00 0.000000000000000000e+00 2.921009999999999995e-01 3.219469999999999832e-01 8.499999999999999778e-01 1.000000000000000000e+00 0.000000000000000000e+00
4.705880000000000063e-01 3.699999999999999956e-01 5.737700000000000022e-01 4.000000000000000222e-01 5.791960000000000164e-02 5.260799999999999921e-01 2.677200000000000135e-01 2.999999999999999889e-01 0.000000000000000000e+00 1.000000000000000000e+00
2.352940000000000031e-01 5.849999999999999645e-01 5.081970000000000098e-01 1.199999999999999956e-01 0.000000000000000000e+00 4.426229999999999887e-01 1.289500000000000091e-01 1.499999999999999944e-01 0.000000000000000000e+00 1.000000000000000000e+00
1.764709999999999890e-01 8.649999999999999911e-01 6.721310000000000340e-01 4.799999999999999822e-01 5.496450000000000502e-01 5.722800000000000109e-01 8.791630000000000278e-01 6.666669999999999541e-02 1.000000000000000000e+00 0.000000000000000000e+00
7.647059999999999969e-01 7.600000000000000089e-01 7.377050000000000551e-01 3.300000000000000155e-01 3.427899999999999697e-02 3.994039999999999813e-01 2.788220000000000143e-01 3.666670000000000207e-01 1.000000000000000000e+00 0.000000000000000000e+00
3.529410000000000047e-01 4.799999999999999822e-01 0.000000000000000000e+00 0.000000000000000000e+00 0.000000000000000000e+00 3.532040000000000179e-01 4.782240000000000102e-02 1.166670000000000068e-01 1.000000000000000000e+00 0.000000000000000000e+00
5.882350000000000079e-02 4.500000000000000111e-01 5.573770000000000113e-01 8.000000000000000167e-02 0.000000000000000000e+00 3.651269999999999794e-01 4.526049999999999796e-01 2.500000000000000000e-01 0.000000000000000000e+00 1.000000000000000000e+00
2.941179999999999906e-01 5.450000000000000400e-01 5.081970000000000098e-01 4.099999999999999756e-01 1.524820000000000064e-01 5.335320000000000062e-01 1.861659999999999981e-01 6.666669999999999541e-02 0.000000000000000000e+00 1.000000000000000000e+00
2.352940000000000031e-01 7.700000000000000178e-01 5.081970000000000098e-01 3.099999999999999978e-01 3.356970000000000232e-01 4.888230000000000075e-01 6.789069999999999827e-02 3.333330000000000320e-02 0.000000000000000000e+00 1.000000000000000000e+00
4.705880000000000063e-01 5.500000000000000444e-01 6.229510000000000325e-01 0.000000000000000000e+00 0.000000000000000000e+00 4.143069999999999808e-01 6.789069999999999827e-02 6.166669999999999652e-01 0.000000000000000000e+00 1.000000000000000000e+00
1.764709999999999890e-01 6.199999999999999956e-01 6.557380000000000431e-01 3.300000000000000155e-01 1.536639999999999950e-01 4.947840000000000016e-01 9.692570000000000352e-02 8.333329999999999904e-02 0.000000000000000000e+00 1.000000000000000000e+00
4.705880000000000063e-01 5.250000000000000222e-01 8.196719999999999562e-01 3.599999999999999867e-01 0.000000000000000000e+00 6.453060000000000462e-01 6.874470000000000580e-02 4.000000000000000222e-01 0.000000000000000000e+00 1.000000000000000000e+00
2.352940000000000031e-01 7.099999999999999645e-01 7.049180000000000446e-01 0.000000000000000000e+00 0.000000000000000000e+00 6.557380000000000431e-01 2.421010000000000106e-01 1.666669999999999957e-02 1.000000000000000000e+00 0.000000000000000000e+00
5.882350000000000079e-02 4.400000000000000022e-01 2.459020000000000095e-01 4.199999999999999845e-01 1.170210000000000000e-01 8.196719999999999562e-01 1.784799999999999998e-01 8.333329999999999904e-02 0.000000000000000000e+00 1.000000000000000000e+00
5.882349999999999524e-01 6.450000000000000178e-01 6.229510000000000325e-01 2.800000000000000266e-01 1.442080000000000028e-01 5.350219999999999976e-01 8.625109999999999721e-02 2.999999999999999889e-01 0.000000000000000000e+00 1.000000000000000000e+00
3.529410000000000047e-01 4.000000000000000222e-01 6.557380000000000431e-01 3.599999999999999867e-01 0.000000000000000000e+00 5.931450000000000333e-01 4.227159999999999945e-02 1.166670000000000068e-01 0.000000000000000000e+00 1.000000000000000000e+00
4.117649999999999921e-01 5.300000000000000266e-01 4.918029999999999902e-01 2.399999999999999911e-01 0.000000000000000000e+00 3.949329999999999785e-01 9.308279999999999332e-02 1.333330000000000071e-01 0.000000000000000000e+00 1.000000000000000000e+00
4.705880000000000063e-01 6.199999999999999956e-01 6.229510000000000325e-01 2.399999999999999911e-01 7.092199999999999616e-01 4.277199999999999891e-01 2.600339999999999874e-01 5.166669999999999874e-01 0.000000000000000000e+00 1.000000000000000000e+00
5.882350000000000079e-02 5.000000000000000000e-01 5.409840000000000204e-01 1.499999999999999944e-01 6.619389999999999996e-02 3.517140000000000266e-01 2.510669999999999846e-01 8.333329999999999904e-02 0.000000000000000000e+00 1.000000000000000000e+00
5.882349999999999524e-01 6.099999999999999867e-01 6.393440000000000234e-01 3.099999999999999978e-01 0.000000000000000000e+00 4.113260000000000249e-01 1.853120000000000045e-01 4.000000000000000222e-01 0.000000000000000000e+00 1.000000000000000000e+00
1.764709999999999890e-01 8.649999999999999911e-01 6.393440000000000234e-01 3.900000000000000133e-01 2.186760000000000093e-01 5.037260000000000071e-01 3.808710000000000151e-01 1.666670000000000096e-01 1.000000000000000000e+00 0.000000000000000000e+00
1.176470000000000016e-01 7.850000000000000311e-01 6.065570000000000128e-01 3.499999999999999778e-01 5.200949999999999740e-01 5.871830000000000105e-01 2.391120000000000051e-02 1.499999999999999944e-01 0.000000000000000000e+00 1.000000000000000000e+00
5.882350000000000079e-02 3.649999999999999911e-01 4.098359999999999781e-01 1.000000000000000056e-01 0.000000000000000000e+00 3.427720000000000211e-01 7.258749999999999925e-02 0.000000000000000000e+00 0.000000000000000000e+00 1.000000000000000000e+00
5.294119999999999937e-01 6.199999999999999956e-01 5.737700000000000022e-01 3.300000000000000155e-01 4.751770000000000160e-01 5.275710000000000122e-01 8.710500000000000187e-02 2.166669999999999985e-01 0.000000000000000000e+00 1.000000000000000000e+00
2.352940000000000031e-01 7.299999999999999822e-01 6.393440000000000234e-01 0.000000000000000000e+00 0.000000000000000000e+00 5.737700000000000022e-01 1.887280000000000069e-01 7.666669999999999874e-01 0.000000000000000000e+00 1.000000000000000000e+00
6.470590000000000508e-01 6.899999999999999467e-01 6.065570000000000128e-01 2.600000000000000089e-01 1.702130000000000032e-01 5.380030000000000090e-01 2.045260000000000133e-01 4.833330000000000126e-01 1.000000000000000000e+00 0.000000000000000000e+00
5.294119999999999937e-01 8.249999999999999556e-01 7.213110000000000355e-01 0.000000000000000000e+00 0.000000000000000000e+00 4.530549999999999855e-01 9.564469999999999916e-02 4.666669999999999985e-01 0.000000000000000000e+00 1.000000000000000000e+00
5.882350000000000079e-02 7.199999999999999734e-01 6.721310000000000340e-01 4.000000000000000222e-01 0.000000000000000000e+00 6.154990000000000183e-01 2.258749999999999925e-01 1.166670000000000068e-01 1.000000000000000000e+00 0.000000000000000000e+00
4.117649999999999921e-01 5.100000000000000089e-01 6.065570000000000128e-01 4.000000000000000222e-01 1.241130000000000011e-01 5.543959999999999999e-01 5.380019999999999941e-02 4.000000000000000222e-01 0.000000000000000000e+00 1.000000000000000000e+00
2.352940000000000031e-01 8.549999999999999822e-01 5.901640000000000219e-01 0.000000000000000000e+00 0.000000000000000000e+00 6.497760000000000202e-01 1.712210000000000121e-01 8.333329999999999904e-02 1.000000000000000000e+00 0.000000000000000000e+00
4.705880000000000063e-01 8.950000000000000178e-01 5.901640000000000219e-01 4.199999999999999845e-01 1.536639999999999950e-01 4.873319999999999874e-01 2.736979999999999968e-01 2.500000000000000000e-01 1.000000000000000000e+00 0.000000000000000000e+00
5.882350000000000079e-02 4.149999999999999800e-01 5.573770000000000113e-01 0.000000000000000000e+00 0.000000000000000000e+00 2.712370000000000059e-01 2.331340000000000079e-01 1.000000000000000056e-01 0.000000000000000000e+00 1.000000000000000000e+00
3.529410000000000047e-01 5.450000000000000400e-01 4.918029999999999902e-01 2.700000000000000178e-01 0.000000000000000000e+00 3.725780000000000203e-01 5.465409999999999713e-02 1.000000000000000056e-01 0.000000000000000000e+00 1.000000000000000000e+00
7.058820000000000094e-01 4.199999999999999845e-01 5.901640000000000219e-01 3.099999999999999978e-01 0.000000000000000000e+00 4.426229999999999887e-01 9.350980000000000403e-02 4.166670000000000096e-01 0.000000000000000000e+00 1.000000000000000000e+00
5.294119999999999937e-01 7.249999999999999778e-01 7.213110000000000355e-01 3.400000000000000244e-01 1.950349999999999862e-01 4.515649999999999942e-01 2.959010000000000251e-01 5.333329999999999460e-01 1.000000000000000000e+00 0.000000000000000000e+00
5.882350000000000079e-02 5.949999999999999734e-01 7.049180000000000446e-01 3.900000000000000133e-01 2.600469999999999726e-01 6.795830000000000481e-01 3.116990000000000038e-01 1.333330000000000071e-01 0.000000000000000000e+00 1.000000000000000000e+00
1.176470000000000016e-01 4.199999999999999845e-01 4.098359999999999781e-01 2.300000000000000100e-01 8.983449999999999769e-02 4.530549999999999855e-01 3.800169999999999937e-01 0.000000000000000000e+00 0.000000000000000000e+00 1.000000000000000000e+00
1.176470000000000016e-01 5.400000000000000355e-01 5.081970000000000098e-01 1.000000000000000056e-01 3.286049999999999804e-01 3.770490000000000230e-01 3.428689999999999793e-01 1.666669999999999957e-02 0.000000000000000000e+00 1.000000000000000000e+00
2.352940000000000031e-01 5.699999999999999512e-01 5.327870000000000106e-01 0.000000000000000000e+00 0.000000000000000000e+00 3.263789999999999747e-01 1.511530000000000096e-01 2.666669999999999874e-01 0.000000000000000000e+00 1.000000000000000000e+00
0.000000000000000000e+00 4.199999999999999845e-01 6.721310000000000340e-01 3.099999999999999978e-01 1.477539999999999965e-01 5.693000000000000282e-01 6.618269999999999709e-02 3.333330000000000320e-02 0.000000000000000000e+00 1.000000000000000000e+00
4.705880000000000063e-01 9.849999999999999867e-01 6.065570000000000128e-01 0.000000000000000000e+00 0.000000000000000000e+00 3.859909999999999730e-01 4.752350000000000185e-01 2.999999999999999889e-01 1.000000000000000000e+00 0.000000000000000000e+00
7.647059999999999969e-01 7.900000000000000355e-01 9.344259999999999788e-01 0.000000000000000000e+00 0.000000000000000000e+00 6.304020000000000179e-01 7.643039999999999556e-02 3.833329999999999793e-01 0.000000000000000000e+00 1.000000000000000000e+00
5.882350000000000079e-02 6.550000000000000266e-01 5.245900000000000007e-01 1.400000000000000133e-01 4.905439999999999801e-01 3.532040000000000179e-01 1.327919999999999934e-01 0.000000000000000000e+00 0.000000000000000000e+00 1.000000000000000000e+00
4.117649999999999921e-01 7.950000000000000400e-01 5.245900000000000007e-01 0.000000000000000000e+00 0.000000000000000000e+00 4.083459999999999868e-01 9.222890000000000255e-02 3.166669999999999763e-01 0.000000000000000000e+00 1.000000000000000000e+00
1.176470000000000016e-01 4.799999999999999822e-01 5.573770000000000113e-01 1.300000000000000044e-01 5.791960000000000164e-02 3.144560000000000133e-01 2.429550000000000043e-01 8.333329999999999904e-02 0.000000000000000000e+00 1.000000000000000000e+00
3.529410000000000047e-01 6.850000000000000533e-01 5.000000000000000000e-01 0.000000000000000000e+00 0.000000000000000000e+00 3.606559999999999766e-01 3.116990000000000038e-02 5.666670000000000318e-01 0.000000000000000000e+00 1.000000000000000000e+00
4.117649999999999921e-01 7.500000000000000000e-01 6.393440000000000234e-01 2.899999999999999800e-01 1.489360000000000128e-01 5.245900000000000007e-01 2.621689999999999854e-01 5.500000000000000444e-01 1.000000000000000000e+00 0.000000000000000000e+00
1.764709999999999890e-01 5.300000000000000266e-01 5.901640000000000219e-01 0.000000000000000000e+00 0.000000000000000000e+00 3.845009999999999817e-01 5.508110000000000089e-02 1.000000000000000056e-01 0.000000000000000000e+00 1.000000000000000000e+00
0.000000000000000000e+00 6.450000000000000178e-01 6.557380000000000431e-01 0.000000000000000000e+00 0.000000000000000000e+00 4.649780000000000024e-01 2.668659999999999921e-01 1.333330000000000071e-01 0.000000000000000000e+00 1.000000000000000000e+00
5.882350000000000079e-02 4.799999999999999822e-01 1.000000000000000000e+00 0.000000000000000000e+00 0.000000000000000000e+00 3.338300000000000156e-01 5.508110000000000089e-02 1.000000000000000056e-01 0.000000000000000000e+00 1.000000000000000000e+00
3.529410000000000047e-01 7.399999999999999911e-01 5.901640000000000219e-01 3.499999999999999778e-01 0.000000000000000000e+00 5.007449999999999957e-01 2.344150000000000122e-01 4.833330000000000126e-01 1.000000000000000000e+00 0.000000000000000000e+00
5.882350000000000079e-02 5.350000000000000311e-01 5.901640000000000219e-01 2.999999999999999889e-01 9.692670000000000452e-02 4.590159999999999796e-01 3.172499999999999765e-01 5.000000000000000278e-02 0.000000000000000000e+00 1.000000000000000000e+00
0.000000000000000000e+00 5.350000000000000311e-01 5.081970000000000098e-01 2.999999999999999889e-01 8.747040000000000370e-02 5.454550000000000232e-01 2.899229999999999863e-01 6.666669999999999541e-02 0.000000000000000000e+00 1.000000000000000000e+00
0.000000000000000000e+00 4.199999999999999845e-01 5.245900000000000007e-01 2.200000000000000011e-01 7.801420000000000576e-02 5.335320000000000062e-01 1.994019999999999959e-01 0.000000000000000000e+00 0.000000000000000000e+00 1.000000000000000000e+00
2.352940000000000031e-01 7.249999999999999778e-01 6.721310000000000340e-01 1.799999999999999933e-01 0.000000000000000000e+00 4.843520000000000048e-01 6.703670000000000462e-02 8.166670000000000318e-01 0.000000000000000000e+00 1.000000000000000000e+00
0.000000000000000000e+00 5.250000000000000222e-01 7.377050000000000551e-01 0.000000000000000000e+00 0.000000000000000000e+00 4.411329999999999973e-01 5.081129999999999675e-02 4.166670000000000096e-01 0.000000000000000000e+00 1.000000000000000000e+00
1.176470000000000016e-01 5.300000000000000266e-01 4.590159999999999796e-01 2.700000000000000178e-01 1.950349999999999862e-01 4.321909999999999918e-01 1.485910000000000009e-01 1.666669999999999957e-02 0.000000000000000000e+00 1.000000000000000000e+00
1.764709999999999890e-01 5.799999999999999600e-01 0.000000000000000000e+00 0.000000000000000000e+00 0.000000000000000000e+00 3.502239999999999798e-01 4.654139999999999666e-02 3.333330000000000320e-02 1.000000000000000000e+00 0.000000000000000000e+00
5.882349999999999524e-01 5.749999999999999556e-01 0.000000000000000000e+00 0.000000000000000000e+00 0.000000000000000000e+00 5.260799999999999921e-01 2.391120000000000051e-02 1.333330000000000071e-01 1.000000000000000000e+00 0.000000000000000000e+00
1.176470000000000016e-01 4.500000000000000111e-01 6.557380000000000431e-01 1.400000000000000133e-01 6.501179999999999459e-02 3.636360000000000148e-01 7.301449999999999607e-02 5.000000000000000278e-02 0.000000000000000000e+00 1.000000000000000000e+00
0.000000000000000000e+00 6.300000000000000044e-01 7.049180000000000446e-01 2.700000000000000178e-01 1.418439999999999979e-01 4.083459999999999868e-01 1.865930000000000089e-01 0.000000000000000000e+00 0.000000000000000000e+00 1.000000000000000000e+00
1.176470000000000016e-01 7.750000000000000222e-01 4.262299999999999978e-01 2.700000000000000178e-01 6.382980000000000320e-01 5.767510000000000137e-01 6.917159999999999975e-02 6.666669999999999541e-02 0.000000000000000000e+00 1.000000000000000000e+00
0.000000000000000000e+00 6.149999999999999911e-01 7.213110000000000355e-01 3.699999999999999956e-01 0.000000000000000000e+00 5.245900000000000007e-01 5.081129999999999675e-02 1.333330000000000071e-01 0.000000000000000000e+00 1.000000000000000000e+00
2.352940000000000031e-01 6.400000000000000133e-01 5.737700000000000022e-01 0.000000000000000000e+00 0.000000000000000000e+00 5.111769999999999925e-01 9.607169999999999599e-02 5.000000000000000278e-02 0.000000000000000000e+00 1.000000000000000000e+00
5.882349999999999524e-01 6.450000000000000178e-01 5.081970000000000098e-01 3.599999999999999867e-01 0.000000000000000000e+00 6.140090000000000270e-01 1.549959999999999949e-01 2.833330000000000015e-01 1.000000000000000000e+00 0.000000000000000000e+00
1.000000000000000000e+00 8.149999999999999467e-01 5.901640000000000219e-01 4.099999999999999756e-01 1.347520000000000107e-01 6.095380000000000242e-01 3.155419999999999892e-01 4.333330000000000237e-01 1.000000000000000000e+00 0.000000000000000000e+00
4.117649999999999921e-01 4.699999999999999734e-01 5.245900000000000007e-01 2.500000000000000000e-01 9.338059999999999417e-02 4.962739999999999929e-01 2.818100000000000049e-01 3.333329999999999904e-01 0.000000000000000000e+00 1.000000000000000000e+00
5.882349999999999524e-01 5.400000000000000355e-01 5.409840000000000204e-01 0.000000000000000000e+00 0.000000000000000000e+00 4.828609999999999847e-01 8.283519999999999772e-02 3.499999999999999778e-01 0.000000000000000000e+00 1.000000000000000000e+00
5.882350000000000079e-02 5.100000000000000089e-01 6.065570000000000128e-01 0.000000000000000000e+00 0.000000000000000000e+00 5.886740000000000306e-01 9.180190000000000572e-02 3.499999999999999778e-01 0.000000000000000000e+00 1.000000000000000000e+00
1.764709999999999890e-01 5.300000000000000266e-01 4.426229999999999887e-01 2.099999999999999922e-01 1.867610000000000103e-01 4.605069999999999997e-01 9.137489999999999502e-02 5.000000000000000278e-02 0.000000000000000000e+00 1.000000000000000000e+00
1.764709999999999890e-01 4.349999999999999978e-01 4.918029999999999902e-01 1.799999999999999933e-01 0.000000000000000000e+00 3.248880000000000101e-01 1.562769999999999992e-01 0.000000000000000000e+00 0.000000000000000000e+00 1.000000000000000000e+00
2.352940000000000031e-01 4.749999999999999778e-01 4.918029999999999902e-01 3.200000000000000067e-01 0.000000000000000000e+00 5.275710000000000122e-01 8.795899999999999552e-02 1.166670000000000068e-01 0.000000000000000000e+00 1.000000000000000000e+00
5.294119999999999937e-01 4.450000000000000067e-01 5.081970000000000098e-01 0.000000000000000000e+00 0.000000000000000000e+00 3.353200000000000069e-01 2.732710000000000000e-02 2.000000000000000111e-01 0.000000000000000000e+00 1.000000000000000000e+00
4.705880000000000063e-01 6.250000000000000000e-01 7.868849999999999456e-01 0.000000000000000000e+00 0.000000000000000000e+00 0.000000000000000000e+00 6.575580000000000314e-02 5.500000000000000444e-01 0.000000000000000000e+00 1.000000000000000000e+00
5.882350000000000079e-02 5.350000000000000311e-01 4.098359999999999781e-01 1.900000000000000022e-01 0.000000000000000000e+00 4.217589999999999950e-01 4.397949999999999776e-02 1.333330000000000071e-01 0.000000000000000000e+00 1.000000000000000000e+00
4.117649999999999921e-01 9.749999999999999778e-01 5.737700000000000022e-01 3.300000000000000155e-01 1.713949999999999918e-01 3.740689999999999849e-01 3.629380000000000106e-02 5.666670000000000318e-01 1.000000000000000000e+00 0.000000000000000000e+00
0.000000000000000000e+00 5.250000000000000222e-01 5.245900000000000007e-01 4.099999999999999756e-01 1.678489999999999982e-01 6.184800000000000297e-01 4.056359999999999827e-02 1.666669999999999957e-02 0.000000000000000000e+00 1.000000000000000000e+00
5.882350000000000079e-02 6.949999999999999512e-01 5.081970000000000098e-01 4.099999999999999756e-01 5.673759999999999915e-01 6.065570000000000128e-01 1.955590000000000106e-01 0.000000000000000000e+00 0.000000000000000000e+00 1.000000000000000000e+00
5.882350000000000079e-02 6.250000000000000000e-01 5.737700000000000022e-01 2.399999999999999911e-01 1.300240000000000007e-01 3.621460000000000234e-01 6.105889999999999929e-02 6.666669999999999541e-02 0.000000000000000000e+00 1.000000000000000000e+00
2.941179999999999906e-01 3.900000000000000133e-01 3.934429999999999872e-01 0.000000000000000000e+00 0.000000000000000000e+00 5.022349999999999870e-01 2.459439999999999960e-01 6.666669999999999541e-02 0.000000000000000000e+00 1.000000000000000000e+00
4.705880000000000063e-01 9.150000000000000355e-01 5.245900000000000007e-01 0.000000000000000000e+00 0.000000000000000000e+00 3.472430000000000239e-01 2.536289999999999933e-01 1.833329999999999960e-01 1.000000000000000000e+00 0.000000000000000000e+00
1.176470000000000016e-01 5.100000000000000089e-01 7.049180000000000446e-01 3.599999999999999867e-01 1.418439999999999979e-01 6.780920000000000281e-01 2.092230000000000131e-02 3.333330000000000320e-02 0.000000000000000000e+00 1.000000000000000000e+00
1.764709999999999890e-01 6.450000000000000178e-01 5.245900000000000007e-01 2.899999999999999800e-01 1.359339999999999993e-01 3.934429999999999872e-01 6.020500000000000157e-02 1.166670000000000068e-01 0.000000000000000000e+00 1.000000000000000000e+00
3.529410000000000047e-01 6.450000000000000178e-01 7.377050000000000551e-01 7.000000000000000666e-02 3.853429999999999911e-01 2.921009999999999995e-01 2.152010000000000034e-01 6.500000000000000222e-01 0.000000000000000000e+00 1.000000000000000000e+00
1.176470000000000016e-01 5.350000000000000311e-01 6.065570000000000128e-01 2.999999999999999889e-01 1.182030000000000025e-01 5.007449999999999957e-01 1.391969999999999874e-01 3.333330000000000320e-02 0.000000000000000000e+00 1.000000000000000000e+00
1.764709999999999890e-01 7.399999999999999911e-01 5.409840000000000204e-01 2.500000000000000000e-01 0.000000000000000000e+00 4.843520000000000048e-01 7.600339999999999874e-02 1.666669999999999957e-02 1.000000000000000000e+00 0.000000000000000000e+00
2.941179999999999906e-01 8.299999999999999600e-01 6.229510000000000325e-01 0.000000000000000000e+00 0.000000000000000000e+00 6.810730000000000395e-01 1.118699999999999972e-01 1.000000000000000056e-01 1.000000000000000000e+00 0.000000000000000000e+00
2.352940000000000031e-01 5.500000000000000444e-01 7.540980000000000461e-01 0.000000000000000000e+00 0.000000000000000000e+00 5.603580000000000227e-01 4.824939999999999785e-02 1.499999999999999944e-01 0.000000000000000000e+00 1.000000000000000000e+00
0.000000000000000000e+00 4.949999999999999956e-01 0.000000000000000000e+00 0.000000000000000000e+00 0.000000000000000000e+00 3.725780000000000203e-01 7.472249999999999726e-02 1.666669999999999957e-02 1.000000000000000000e+00 0.000000000000000000e+00
5.294119999999999937e-01 6.500000000000000222e-01 5.737700000000000022e-01 0.000000000000000000e+00 0.000000000000000000e+00 5.096870000000000012e-01 2.450900000000000023e-01 4.000000000000000222e-01 0.000000000000000000e+00 1.000000000000000000e+00
2.352940000000000031e-01 7.399999999999999911e-01 4.918029999999999902e-01 2.700000000000000178e-01 3.758870000000000267e-01 4.605069999999999997e-01 3.074299999999999949e-02 1.333330000000000071e-01 0.000000000000000000e+00 1.000000000000000000e+00
2.941179999999999906e-01 6.049999999999999822e-01 5.901640000000000219e-01 2.300000000000000100e-01 1.323880000000000057e-01 3.904619999999999758e-01 7.130659999999999776e-02 1.499999999999999944e-01 0.000000000000000000e+00 1.000000000000000000e+00
5.882350000000000079e-02 4.949999999999999956e-01 4.754099999999999993e-01 1.000000000000000056e-01 0.000000000000000000e+00 3.785390000000000144e-01 2.019640000000000046e-01 0.000000000000000000e+00 0.000000000000000000e+00 1.000000000000000000e+00
5.882349999999999524e-01 5.749999999999999556e-01 0.000000000000000000e+00 0.000000000000000000e+00 0.000000000000000000e+00 0.000000000000000000e+00 7.813829999999999387e-02 1.499999999999999944e-01 0.000000000000000000e+00 1.000000000000000000e+00
5.882350000000000079e-02 4.849999999999999867e-01 5.737700000000000022e-01 4.000000000000000222e-01 0.000000000000000000e+00 5.678090000000000082e-01 5.977799999999999780e-02 1.499999999999999944e-01 0.000000000000000000e+00 1.000000000000000000e+00
4.117649999999999921e-01 8.950000000000000178e-01 7.786889999999999645e-01 3.099999999999999978e-01 0.000000000000000000e+00 5.096870000000000012e-01 3.672079999999999789e-02 6.500000000000000222e-01 1.000000000000000000e+00 0.000000000000000000e+00
2.352940000000000031e-01 5.500000000000000444e-01 5.409840000000000204e-01 0.000000000000000000e+00 0.000000000000000000e+00 4.754099999999999993e-01 1.678050000000000097e-01 1.333330000000000071e-01 0.000000000000000000e+00 1.000000000000000000e+00
5.294119999999999937e-01 5.949999999999999734e-01 6.557380000000000431e-01 3.499999999999999778e-01 0.000000000000000000e+00 4.321909999999999918e-01 7.899230000000000140e-02 1.333330000000000071e-01 0.000000000000000000e+00 1.000000000000000000e+00
4.117649999999999921e-01 6.250000000000000000e-01 7.049180000000000446e-01 0.000000000000000000e+00 0.000000000000000000e+00 5.603580000000000227e-01 9.649870000000000669e-02 5.000000000000000000e-01 0.000000000000000000e+00 1.000000000000000000e+00
5.882350000000000079e-02 9.799999999999999822e-01 6.229510000000000325e-01 3.599999999999999867e-01 2.943259999999999765e-01 5.439640000000000031e-01 3.403070000000000261e-01 1.333330000000000071e-01 1.000000000000000000e+00 0.000000000000000000e+00
3.529410000000000047e-01 4.000000000000000222e-01 5.409840000000000204e-01 2.999999999999999889e-01 0.000000000000000000e+00 3.904619999999999758e-01 1.003420000000000006e-01 3.333329999999999904e-01 0.000000000000000000e+00 1.000000000000000000e+00
4.117649999999999921e-01 4.849999999999999867e-01 6.229510000000000325e-01 3.200000000000000067e-01 1.075649999999999940e-01 6.095380000000000242e-01 3.385989999999999833e-01 1.833329999999999960e-01 0.000000000000000000e+00 1.000000000000000000e+00
2.941179999999999906e-01 4.949999999999999956e-01 6.065570000000000128e-01 2.700000000000000178e-01 0.000000000000000000e+00 4.321909999999999918e-01 5.337320000000000259e-02 1.833329999999999960e-01 0.000000000000000000e+00 1.000000000000000000e+00
5.882350000000000079e-02 8.349999999999999645e-01 6.065570000000000128e-01 1.700000000000000122e-01 1.702130000000000032e-01 3.487330000000000152e-01 1.575580000000000036e-01 2.000000000000000111e-01 0.000000000000000000e+00 1.000000000000000000e+00
0.000000000000000000e+00 4.749999999999999778e-01 5.245900000000000007e-01 3.900000000000000133e-01 1.241130000000000011e-01 6.646800000000000486e-01 1.229719999999999980e-01 1.666669999999999957e-02 0.000000000000000000e+00 1.000000000000000000e+00
0.000000000000000000e+00 3.699999999999999956e-01 4.262299999999999978e-01 1.000000000000000056e-01 4.255319999999999936e-02 4.143069999999999808e-01 8.155419999999999336e-02 1.666669999999999957e-02 0.000000000000000000e+00 1.000000000000000000e+00
2.941179999999999906e-01 7.900000000000000355e-01 5.737700000000000022e-01 0.000000000000000000e+00 0.000000000000000000e+00 4.441129999999999800e-01 5.508110000000000089e-02 6.999999999999999556e-01 0.000000000000000000e+00 1.000000000000000000e+00
1.764709999999999890e-01 5.400000000000000355e-01 5.081970000000000098e-01 2.399999999999999911e-01 0.000000000000000000e+00 3.874810000000000199e-01 6.191289999999999988e-02 6.666669999999999541e-02 0.000000000000000000e+00 1.000000000000000000e+00
5.882350000000000079e-02 4.650000000000000244e-01 5.737700000000000022e-01 3.099999999999999978e-01 0.000000000000000000e+00 4.530549999999999855e-01 1.011959999999999943e-01 3.333330000000000320e-02 0.000000000000000000e+00 1.000000000000000000e+00
1.176470000000000016e-01 7.049999999999999600e-01 4.754099999999999993e-01 3.400000000000000244e-01 1.512999999999999901e-01 3.785390000000000144e-01 2.651580000000000048e-01 5.000000000000000278e-02 0.000000000000000000e+00 1.000000000000000000e+00
5.882350000000000079e-02 6.300000000000000044e-01 4.918029999999999902e-01 0.000000000000000000e+00 0.000000000000000000e+00 4.485839999999999828e-01 1.157129999999999964e-01 4.333330000000000237e-01 0.000000000000000000e+00 1.000000000000000000e+00
2.352940000000000031e-01 9.849999999999999867e-01 5.737700000000000022e-01 3.900000000000000133e-01 8.794330000000000203e-01 5.469450000000000145e-01 9.611439999999999984e-01 1.666670000000000096e-01 1.000000000000000000e+00 0.000000000000000000e+00
0.000000000000000000e+00 5.050000000000000044e-01 5.245900000000000007e-01 1.700000000000000122e-01 0.000000000000000000e+00 3.129660000000000220e-01 7.429550000000000043e-02 0.000000000000000000e+00 0.000000000000000000e+00 1.000000000000000000e+00
0.000000000000000000e+00 6.850000000000000533e-01 6.885250000000000536e-01 2.700000000000000178e-01 0.000000000000000000e+00 4.068550000000000222e-01 6.532880000000000631e-02 6.333330000000000348e-01 0.000000000000000000e+00 1.000000000000000000e+00
3.529410000000000047e-01 5.100000000000000089e-01 6.721310000000000340e-01 0.000000000000000000e+00 0.000000000000000000e+00 4.590159999999999796e-01 4.355250000000000093e-02 2.500000000000000000e-01 0.000000000000000000e+00 1.000000000000000000e+00
5.882350000000000079e-02 9.649999999999999689e-01 4.098359999999999781e-01 1.600000000000000033e-01 4.432619999999999894e-01 3.859909999999999730e-01 2.463710000000000067e-01 5.000000000000000278e-02 1.000000000000000000e+00 0.000000000000000000e+00
4.705880000000000063e-01 8.349999999999999645e-01 8.688519999999999577e-01 4.600000000000000200e-01 2.730500000000000149e-01 5.603580000000000227e-01 3.714769999999999878e-02 3.666670000000000207e-01 1.000000000000000000e+00 0.000000000000000000e+00
1.176470000000000016e-01 5.500000000000000444e-01 6.065570000000000128e-01 2.899999999999999800e-01 1.477539999999999965e-01 4.828609999999999847e-01 2.647309999999999941e-01 1.000000000000000056e-01 0.000000000000000000e+00 1.000000000000000000e+00
3.529410000000000047e-01 5.150000000000000133e-01 5.409840000000000204e-01 0.000000000000000000e+00 0.000000000000000000e+00 3.621460000000000234e-01 7.301449999999999607e-02 1.333330000000000071e-01 0.000000000000000000e+00 1.000000000000000000e+00
0.000000000000000000e+00 6.850000000000000533e-01 5.573770000000000113e-01 1.400000000000000133e-01 1.749410000000000132e-01 3.695979999999999821e-01 2.775410000000000030e-02 0.000000000000000000e+00 0.000000000000000000e+00 1.000000000000000000e+00
3.529410000000000047e-01 6.250000000000000000e-01 5.573770000000000113e-01 2.999999999999999889e-01 1.418439999999999979e-01 4.470939999999999914e-01 1.648159999999999903e-01 1.833329999999999960e-01 0.000000000000000000e+00 1.000000000000000000e+00
5.294119999999999937e-01 7.600000000000000089e-01 6.393440000000000234e-01 3.400000000000000244e-01 2.021280000000000021e-01 5.096870000000000012e-01 3.479929999999999968e-01 2.000000000000000111e-01 1.000000000000000000e+00 0.000000000000000000e+00
5.882350000000000079e-02 8.599999999999999867e-01 5.573770000000000113e-01 4.899999999999999911e-01 6.843970000000000331e-01 6.318930000000000380e-01 2.664389999999999814e-01 1.166670000000000068e-01 0.000000000000000000e+00 0.000000000000000000e+00
5.882350000000000079e-02 9.949999999999999956e-01 6.229510000000000325e-01 4.299999999999999933e-01 0.000000000000000000e+00 6.393440000000000234e-01 5.619129999999999958e-01 1.666669999999999957e-02 1.000000000000000000e+00 0.000000000000000000e+00
3.529410000000000047e-01 5.749999999999999556e-01 4.918029999999999902e-01 3.900000000000000133e-01 0.000000000000000000e+00 5.022349999999999870e-01 7.130659999999999776e-02 3.166669999999999763e-01 0.000000000000000000e+00 1.000000000000000000e+00
5.294119999999999937e-01 8.549999999999999822e-01 9.016389999999999683e-01 2.399999999999999911e-01 2.836879999999999957e-01 6.766020000000000367e-01 2.745520000000000183e-01 5.500000000000000444e-01 1.000000000000000000e+00 0.000000000000000000e+00
1.176470000000000016e-01 4.050000000000000266e-01 4.918029999999999902e-01 2.200000000000000011e-01 0.000000000000000000e+00 4.128169999999999895e-01 9.052090000000000136e-02 6.666669999999999541e-02 0.000000000000000000e+00 1.000000000000000000e+00
1.764709999999999890e-01 4.149999999999999800e-01 4.754099999999999993e-01 3.099999999999999978e-01 2.127659999999999968e-02 5.111769999999999925e-01 1.101619999999999960e-01 6.666669999999999541e-02 0.000000000000000000e+00 1.000000000000000000e+00
0.000000000000000000e+00 5.949999999999999734e-01 5.245900000000000007e-01 1.799999999999999933e-01 1.087469999999999964e-01 5.201189999999999980e-01 2.762600000000000056e-01 3.333330000000000320e-02 0.000000000000000000e+00 1.000000000000000000e+00
1.176470000000000016e-01 6.049999999999999822e-01 5.737700000000000022e-01 3.200000000000000067e-01 1.122930000000000039e-01 5.827120000000000077e-01 3.450039999999999774e-01 3.333330000000000320e-02 0.000000000000000000e+00 1.000000000000000000e+00
2.941179999999999906e-01 4.799999999999999822e-01 6.065570000000000128e-01 1.799999999999999933e-01 7.919619999999999438e-02 5.007449999999999957e-01 3.924000000000000266e-01 3.666670000000000207e-01 0.000000000000000000e+00 1.000000000000000000e+00
2.352940000000000031e-01 6.149999999999999911e-01 5.081970000000000098e-01 0.000000000000000000e+00 0.000000000000000000e+00 4.768999999999999906e-01 6.319389999999999730e-02 2.333330000000000126e-01 0.000000000000000000e+00 1.000000000000000000e+00
4.117649999999999921e-01 9.200000000000000400e-01 6.885250000000000536e-01 3.300000000000000155e-01 0.000000000000000000e+00 5.290610000000000035e-01 1.182750000000000051e-01 3.333329999999999904e-01 1.000000000000000000e+00 0.000000000000000000e+00
1.176470000000000016e-01 5.450000000000000400e-01 7.540980000000000461e-01 0.000000000000000000e+00 0.000000000000000000e+00 6.363640000000000407e-01 3.274980000000000113e-01 5.500000000000000444e-01 0.000000000000000000e+00 1.000000000000000000e+00
7.058820000000000094e-01 6.049999999999999822e-01 6.393440000000000234e-01 1.700000000000000122e-01 0.000000000000000000e+00 3.949329999999999785e-01 7.728440000000000309e-02 6.833329999999999682e-01 0.000000000000000000e+00 1.000000000000000000e+00
0.000000000000000000e+00 5.050000000000000044e-01 6.229510000000000325e-01 0.000000000000000000e+00 0.000000000000000000e+00 5.320420000000000149e-01 5.123830000000000051e-02 8.333329999999999904e-02 0.000000000000000000e+00 1.000000000000000000e+00
1.176470000000000016e-01 4.249999999999999889e-01 5.327870000000000106e-01 0.000000000000000000e+00 0.000000000000000000e+00 5.901640000000000219e-01 3.637920000000000043e-01 1.000000000000000056e-01 0.000000000000000000e+00 1.000000000000000000e+00
0.000000000000000000e+00 4.699999999999999734e-01 5.737700000000000022e-01 2.700000000000000178e-01 1.359339999999999993e-01 6.482860000000000289e-01 1.148590000000000028e-01 0.000000000000000000e+00 0.000000000000000000e+00 1.000000000000000000e+00
1.176470000000000016e-01 5.600000000000000533e-01 6.147540000000000227e-01 3.200000000000000067e-01 0.000000000000000000e+00 5.320420000000000149e-01 2.988899999999999890e-02 0.000000000000000000e+00 0.000000000000000000e+00 1.000000000000000000e+00
5.882350000000000079e-02 4.349999999999999978e-01 4.918029999999999902e-01 3.699999999999999956e-01 8.865249999999999519e-02 5.543959999999999999e-01 1.840310000000000001e-01 1.666669999999999957e-02 0.000000000000000000e+00 1.000000000000000000e+00
1.176470000000000016e-01 6.149999999999999911e-01 3.934429999999999872e-01 3.200000000000000067e-01 1.950349999999999862e-01 6.274220000000000352e-01 1.887280000000000069e-01 8.333329999999999904e-02 0.000000000000000000e+00 1.000000000000000000e+00
1.176470000000000016e-01 3.549999999999999822e-01 5.737700000000000022e-01 2.700000000000000178e-01 0.000000000000000000e+00 4.172879999999999923e-01 2.169089999999999907e-01 1.666669999999999957e-02 0.000000000000000000e+00 1.000000000000000000e+00
4.117649999999999921e-01 6.800000000000000488e-01 6.065570000000000128e-01 2.600000000000000089e-01 1.595739999999999936e-01 3.874810000000000199e-01 2.429550000000000043e-01 5.000000000000000000e-01 0.000000000000000000e+00 1.000000000000000000e+00
3.529410000000000047e-01 5.400000000000000355e-01 3.606559999999999766e-01 2.000000000000000111e-01 1.536639999999999950e-01 3.576750000000000207e-01 3.138340000000000019e-01 2.333330000000000126e-01 0.000000000000000000e+00 1.000000000000000000e+00
2.941179999999999906e-01 8.299999999999999600e-01 5.901640000000000219e-01 1.900000000000000022e-01 2.068560000000000121e-01 3.845009999999999817e-01 2.173360000000000014e-01 5.000000000000000000e-01 1.000000000000000000e+00 0.000000000000000000e+00
5.882350000000000079e-02 4.799999999999999822e-01 5.245900000000000007e-01 2.700000000000000178e-01 1.028369999999999979e-01 4.947840000000000016e-01 9.009390000000000454e-02 0.000000000000000000e+00 0.000000000000000000e+00 1.000000000000000000e+00
7.647059999999999969e-01 7.650000000000000133e-01 7.213110000000000355e-01 3.699999999999999956e-01 1.654849999999999932e-01 6.050670000000000215e-01 4.679760000000000031e-01 2.999999999999999889e-01 1.000000000000000000e+00 0.000000000000000000e+00
1.764709999999999890e-01 5.799999999999999600e-01 6.065570000000000128e-01 1.499999999999999944e-01 1.241130000000000011e-01 3.919520000000000226e-01 1.238260000000000055e-02 5.000000000000000278e-02 0.000000000000000000e+00 1.000000000000000000e+00
5.882350000000000079e-02 7.149999999999999689e-01 7.049180000000000446e-01 2.999999999999999889e-01 3.900710000000000011e-01 4.485839999999999828e-01 3.475659999999999861e-01 3.333330000000000320e-02 0.000000000000000000e+00 1.000000000000000000e+00
8.823530000000000539e-01 6.800000000000000488e-01 5.737700000000000022e-01 3.200000000000000067e-01 1.300240000000000007e-01 5.529060000000000086e-01 3.202390000000000098e-02 3.666670000000000207e-01 1.000000000000000000e+00 0.000000000000000000e+00
3.529410000000000047e-01 5.250000000000000222e-01 6.557380000000000431e-01 2.800000000000000266e-01 0.000000000000000000e+00 4.843520000000000048e-01 3.415880000000000027e-01 8.333329999999999904e-02 0.000000000000000000e+00 1.000000000000000000e+00
0.000000000000000000e+00 4.550000000000000155e-01 5.573770000000000113e-01 3.200000000000000067e-01 2.482270000000000032e-01 5.946350000000000247e-01 1.293769999999999920e-01 6.666669999999999541e-02 0.000000000000000000e+00 1.000000000000000000e+00
1.764709999999999890e-01 3.900000000000000133e-01 4.098359999999999781e-01 3.200000000000000067e-01 1.040190000000000003e-01 4.619969999999999910e-01 7.258749999999999925e-02 8.333329999999999904e-02 0.000000000000000000e+00 1.000000000000000000e+00
1.176470000000000016e-01 3.699999999999999956e-01 0.000000000000000000e+00 0.000000000000000000e+00 0.000000000000000000e+00 0.000000000000000000e+00 1.024770000000000021e-02 1.666669999999999957e-02 0.000000000000000000e+00 1.000000000000000000e+00
1.176470000000000016e-01 4.400000000000000022e-01 4.754099999999999993e-01 2.600000000000000089e-01 1.891249999999999876e-02 4.232489999999999863e-01 2.937660000000000271e-01 1.666669999999999957e-02 0.000000000000000000e+00 1.000000000000000000e+00
5.882349999999999524e-01 4.500000000000000111e-01 6.967210000000000347e-01 3.200000000000000067e-01 0.000000000000000000e+00 5.201189999999999980e-01 3.189580000000000193e-01 5.833329999999999904e-01 0.000000000000000000e+00 1.000000000000000000e+00
5.882350000000000079e-02 7.850000000000000311e-01 5.901640000000000219e-01 2.099999999999999922e-01 1.985820000000000085e-01 3.815200000000000258e-01 1.921430000000000013e-02 5.000000000000000278e-02 0.000000000000000000e+00 1.000000000000000000e+00
2.941179999999999906e-01 5.749999999999999556e-01 6.229510000000000325e-01 0.000000000000000000e+00 0.000000000000000000e+00 4.649780000000000024e-01 1.131510000000000016e-01 3.833329999999999793e-01 0.000000000000000000e+00 1.000000000000000000e+00
2.352940000000000031e-01 7.700000000000000178e-01 5.901640000000000219e-01 2.899999999999999800e-01 1.489360000000000128e-01 4.664679999999999938e-01 1.110160000000000036e-01 2.666669999999999874e-01 1.000000000000000000e+00 0.000000000000000000e+00
2.941179999999999906e-01 8.100000000000000533e-01 8.524589999999999668e-01 0.000000000000000000e+00 0.000000000000000000e+00 5.618480000000000141e-01 3.116990000000000038e-02 5.166669999999999874e-01 0.000000000000000000e+00 1.000000000000000000e+00
3.529410000000000047e-01 5.949999999999999734e-01 4.098359999999999781e-01 2.200000000000000011e-01 2.080380000000000007e-01 4.038749999999999840e-01 5.294619999999999882e-01 2.000000000000000111e-01 1.000000000000000000e+00 0.000000000000000000e+00
1.176470000000000016e-01 6.199999999999999956e-01 5.573770000000000113e-01 2.800000000000000266e-01 2.423170000000000046e-01 4.903129999999999988e-01 3.403070000000000261e-01 1.499999999999999944e-01 0.000000000000000000e+00 1.000000000000000000e+00
5.882350000000000079e-02 7.550000000000000044e-01 4.918029999999999902e-01 0.000000000000000000e+00 0.000000000000000000e+00 3.889719999999999844e-01 4.312549999999999717e-02 1.666669999999999957e-02 0.000000000000000000e+00 1.000000000000000000e+00
4.117649999999999921e-01 5.699999999999999512e-01 6.229510000000000325e-01 1.700000000000000122e-01 1.300240000000000007e-01 3.546940000000000093e-01 1.656700000000000117e-01 1.666670000000000096e-01 0.000000000000000000e+00 1.000000000000000000e+00
0.000000000000000000e+00 5.100000000000000089e-01 7.049180000000000446e-01 1.700000000000000122e-01 1.241130000000000011e-01 4.366619999999999946e-01 2.634500000000000175e-01 1.000000000000000056e-01 0.000000000000000000e+00 1.000000000000000000e+00
1.764709999999999890e-01 6.450000000000000178e-01 7.540980000000000461e-01 4.899999999999999911e-01 1.832149999999999890e-01 5.424740000000000117e-01 3.800169999999999937e-01 1.833329999999999960e-01 0.000000000000000000e+00 1.000000000000000000e+00
5.294119999999999937e-01 7.800000000000000266e-01 7.049180000000000446e-01 0.000000000000000000e+00 0.000000000000000000e+00 3.695979999999999821e-01 6.490179999999999561e-02 5.333329999999999460e-01 0.000000000000000000e+00 1.000000000000000000e+00
4.117649999999999921e-01 5.699999999999999512e-01 5.409840000000000204e-01 0.000000000000000000e+00 0.000000000000000000e+00 4.888230000000000075e-01 7.685740000000000627e-02 3.499999999999999778e-01 0.000000000000000000e+00 1.000000000000000000e+00
3.529410000000000047e-01 6.700000000000000400e-01 6.557380000000000431e-01 3.699999999999999956e-01 4.373520000000000185e-01 6.885250000000000536e-01 6.831769999999999510e-02 4.166670000000000096e-01 1.000000000000000000e+00 0.000000000000000000e+00
2.941179999999999906e-01 6.600000000000000311e-01 6.557380000000000431e-01 0.000000000000000000e+00 0.000000000000000000e+00 3.994039999999999813e-01 4.611439999999999984e-02 8.000000000000000444e-01 0.000000000000000000e+00 1.000000000000000000e+00
7.647059999999999969e-01 3.800000000000000044e-01 4.918029999999999902e-01 0.000000000000000000e+00 0.000000000000000000e+00 4.888230000000000075e-01 4.355250000000000093e-02 3.333329999999999904e-01 0.000000000000000000e+00 1.000000000000000000e+00
1.764709999999999890e-01 4.050000000000000266e-01 7.049180000000000446e-01 1.600000000000000033e-01 7.801420000000000576e-02 4.098359999999999781e-01 9.735270000000000035e-02 1.666669999999999957e-02 0.000000000000000000e+00 1.000000000000000000e+00
0.000000000000000000e+00 4.650000000000000244e-01 4.918029999999999902e-01 2.500000000000000000e-01 1.087469999999999964e-01 4.277199999999999891e-01 1.938509999999999955e-01 1.666669999999999957e-02 0.000000000000000000e+00 1.000000000000000000e+00
0.000000000000000000e+00 4.650000000000000244e-01 4.918029999999999902e-01 0.000000000000000000e+00 0.000000000000000000e+00 5.260799999999999921e-01 7.899230000000000140e-02 6.666669999999999541e-02 0.000000000000000000e+00 1.000000000000000000e+00
1.176470000000000016e-01 9.849999999999999867e-01 5.737700000000000022e-01 4.500000000000000111e-01 6.418439999999999701e-01 4.545449999999999768e-01 3.415880000000000305e-02 5.333329999999999460e-01 1.000000000000000000e+00 0.000000000000000000e+00
1.176470000000000016e-01 4.050000000000000266e-01 5.901640000000000219e-01 1.499999999999999944e-01 8.983449999999999769e-02 4.485839999999999828e-01 2.002559999999999896e-01 6.666669999999999541e-02 0.000000000000000000e+00 1.000000000000000000e+00
0.000000000000000000e+00 5.849999999999999645e-01 5.409840000000000204e-01 3.099999999999999978e-01 2.222220000000000029e-01 4.590159999999999796e-01 1.771989999999999954e-01 1.666669999999999957e-02 0.000000000000000000e+00 1.000000000000000000e+00
5.882349999999999524e-01 6.250000000000000000e-01 5.737700000000000022e-01 2.600000000000000089e-01 1.359339999999999993e-01 4.634869999999999823e-01 5.422720000000000318e-02 3.333329999999999904e-01 0.000000000000000000e+00 1.000000000000000000e+00
4.117649999999999921e-01 5.699999999999999512e-01 5.245900000000000007e-01 0.000000000000000000e+00 0.000000000000000000e+00 4.083459999999999868e-01 2.792490000000000250e-01 2.166669999999999985e-01 0.000000000000000000e+00 1.000000000000000000e+00
2.352940000000000031e-01 4.600000000000000200e-01 6.557380000000000431e-01 0.000000000000000000e+00 0.000000000000000000e+00 6.289120000000000266e-01 6.789069999999999827e-02 1.333330000000000071e-01 0.000000000000000000e+00 1.000000000000000000e+00
5.882349999999999524e-01 6.099999999999999867e-01 5.573770000000000113e-01 0.000000000000000000e+00 0.000000000000000000e+00 4.649780000000000024e-01 7.685740000000000627e-02 3.333329999999999904e-01 0.000000000000000000e+00 1.000000000000000000e+00
1.176470000000000016e-01 6.500000000000000222e-01 7.868849999999999456e-01 0.000000000000000000e+00 0.000000000000000000e+00 3.368110000000000270e-01 8.112719999999999654e-02 0.000000000000000000e+00 0.000000000000000000e+00 1.000000000000000000e+00
3.529410000000000047e-01 5.200000000000000178e-01 6.065570000000000128e-01 1.799999999999999933e-01 1.843970000000000053e-01 4.456040000000000001e-01 2.749789999999999734e-01 3.333329999999999904e-01 0.000000000000000000e+00 1.000000000000000000e+00
2.941179999999999906e-01 4.949999999999999956e-01 4.426229999999999887e-01 2.800000000000000266e-01 9.810869999999999314e-02 5.067059999999999897e-01 1.797610000000000041e-01 1.499999999999999944e-01 0.000000000000000000e+00 1.000000000000000000e+00
5.882350000000000079e-02 4.749999999999999778e-01 6.065570000000000128e-01 2.099999999999999922e-01 8.628840000000000121e-02 3.859909999999999730e-01 2.540560000000000040e-01 2.500000000000000000e-01 0.000000000000000000e+00 1.000000000000000000e+00
4.117649999999999921e-01 5.450000000000000400e-01 6.557380000000000431e-01 3.099999999999999978e-01 0.000000000000000000e+00 5.350219999999999976e-01 4.479079999999999728e-01 3.666670000000000207e-01 0.000000000000000000e+00 1.000000000000000000e+00
3.529410000000000047e-01 4.550000000000000155e-01 0.000000000000000000e+00 0.000000000000000000e+00 0.000000000000000000e+00 4.441129999999999800e-01 1.806149999999999978e-01 1.666670000000000096e-01 1.000000000000000000e+00 0.000000000000000000e+00
5.882350000000000079e-02 5.450000000000000400e-01 4.754099999999999993e-01 1.799999999999999933e-01 1.371159999999999879e-01 4.247389999999999777e-01 6.020500000000000157e-02 1.666669999999999957e-02 0.000000000000000000e+00 1.000000000000000000e+00
1.176470000000000016e-01 6.450000000000000178e-01 6.885250000000000536e-01 0.000000000000000000e+00 0.000000000000000000e+00 4.172879999999999923e-01 8.795899999999999552e-02 1.000000000000000056e-01 0.000000000000000000e+00 1.000000000000000000e+00
2.941179999999999906e-01 5.200000000000000178e-01 6.065570000000000128e-01 0.000000000000000000e+00 0.000000000000000000e+00 4.292099999999999804e-01 3.202390000000000098e-02 4.500000000000000111e-01 0.000000000000000000e+00 1.000000000000000000e+00
1.764709999999999890e-01 8.100000000000000533e-01 4.262299999999999978e-01 3.800000000000000044e-01 0.000000000000000000e+00 5.543959999999999999e-01 2.450900000000000023e-01 5.000000000000000278e-02 1.000000000000000000e+00 0.000000000000000000e+00
3.529410000000000047e-01 4.249999999999999889e-01 6.393440000000000234e-01 0.000000000000000000e+00 0.000000000000000000e+00 4.649780000000000024e-01 1.298040000000000027e-01 3.499999999999999778e-01 0.000000000000000000e+00 1.000000000000000000e+00
0.000000000000000000e+00 7.299999999999999822e-01 5.737700000000000022e-01 0.000000000000000000e+00 0.000000000000000000e+00 5.648290000000000255e-01 1.093080000000000024e-01 1.166670000000000068e-01 0.000000000000000000e+00 1.000000000000000000e+00
2.352940000000000031e-01 6.600000000000000311e-01 7.049180000000000446e-01 3.099999999999999978e-01 0.000000000000000000e+00 4.172879999999999923e-01 1.456020000000000092e-01 6.999999999999999556e-01 0.000000000000000000e+00 1.000000000000000000e+00
1.764709999999999890e-01 8.649999999999999911e-01 6.885250000000000536e-01 3.300000000000000155e-01 5.602840000000000042e-01 5.320420000000000149e-01 7.685740000000000627e-02 1.666669999999999957e-02 0.000000000000000000e+00 1.000000000000000000e+00
5.882350000000000079e-02 6.800000000000000488e-01 6.065570000000000128e-01 5.000000000000000000e-01 2.411349999999999882e-01 5.573770000000000113e-01 1.370619999999999894e-01 5.000000000000000278e-02 0.000000000000000000e+00 1.000000000000000000e+00
2.352940000000000031e-01 4.949999999999999956e-01 5.573770000000000113e-01 3.800000000000000044e-01 0.000000000000000000e+00 4.888230000000000075e-01 2.860800000000000148e-02 2.000000000000000111e-01 0.000000000000000000e+00 1.000000000000000000e+00
2.352940000000000031e-01 5.600000000000000533e-01 6.393440000000000234e-01 4.000000000000000222e-01 0.000000000000000000e+00 5.871830000000000105e-01 6.746370000000000144e-02 2.833330000000000015e-01 0.000000000000000000e+00 1.000000000000000000e+00
0.000000000000000000e+00 4.699999999999999734e-01 0.000000000000000000e+00 0.000000000000000000e+00 0.000000000000000000e+00 0.000000000000000000e+00 7.600339999999999874e-02 6.666669999999999541e-02 0.000000000000000000e+00 1.000000000000000000e+00
5.882350000000000079e-02 6.400000000000000133e-01 7.213110000000000355e-01 3.900000000000000133e-01 1.300240000000000007e-01 5.439640000000000031e-01 4.180189999999999739e-01 2.666669999999999874e-01 0.000000000000000000e+00 1.000000000000000000e+00
2.352940000000000031e-01 6.350000000000000089e-01 7.213110000000000355e-01 1.100000000000000006e-01 1.832149999999999890e-01 5.141580000000000039e-01 2.220320000000000071e-01 1.166670000000000068e-01 0.000000000000000000e+00 1.000000000000000000e+00
2.941179999999999906e-01 8.399999999999999689e-01 5.245900000000000007e-01 0.000000000000000000e+00 0.000000000000000000e+00 4.903129999999999988e-01 2.433820000000000081e-02 3.333329999999999904e-01 1.000000000000000000e+00 0.000000000000000000e+00
5.294119999999999937e-01 8.199999999999999512e-01 6.393440000000000234e-01 0.000000000000000000e+00 0.000000000000000000e+00 4.888230000000000075e-01 2.988899999999999890e-02 4.000000000000000222e-01 0.000000000000000000e+00 1.000000000000000000e+00
1.176470000000000016e-01 4.349999999999999978e-01 0.000000000000000000e+00 2.300000000000000100e-01 0.000000000000000000e+00 4.307000000000000273e-01 2.967549999999999910e-01 6.666669999999999541e-02 1.000000000000000000e+00 0.000000000000000000e+00
5.882350000000000079e-02 6.500000000000000222e-01 5.737700000000000022e-01 1.300000000000000044e-01 1.241130000000000011e-01 3.859909999999999730e-01 1.682319999999999927e-01 1.666669999999999957e-02 0.000000000000000000e+00 1.000000000000000000e+00
1.176470000000000016e-01 4.500000000000000111e-01 4.918029999999999902e-01 0.000000000000000000e+00 0.000000000000000000e+00 3.502239999999999798e-01 4.824939999999999785e-02 6.666669999999999541e-02 0.000000000000000000e+00 1.000000000000000000e+00
5.882349999999999524e-01 5.050000000000000044e-01 6.229510000000000325e-01 4.799999999999999822e-01 2.127660000000000107e-01 4.903129999999999988e-01 3.970959999999999768e-02 6.999999999999999556e-01 0.000000000000000000e+00 1.000000000000000000e+00
